1251 0
1252 0
1253 0
1254 0
1255 0
1256 0
1257 0
1258 0
1259 0
1260 0
1261 0
1262 0
1263 0
1264 0
1265 0
1266 0
1267 0
1268 0
1269 0
1270 0
1271 0
1272 0
1273 0
1274 0
1275 0
1276 0
1277 0
1278 0
1279 0
1280 0
1281 0
1282 0
1283 0
1284 0
1285 0
1286 0
1287 0
1288 0
1289 0
1290 0
1291 0
1292 0
1293 0
1294 0
1295 0
1296 0
1297 0
1298 0
1299 0
1300 0
1301 0
1302 0
1303 0
1304 0
1305 0
1306 0
1307 0
1308 0
1309 0
1310 0
1311 0
1312 0
1313 0
1314 0
1315 0
1316 0
1317 0
1318 0
1319 0
1320 0
1321 0
1322 0
1323 0
1324 0
1325 0
1326 0
1327 0
1328 0
1329 0
1330 0
1331 0
1332 0
1333 0
1334 0
1335 0
1336 0
1337 0
1338 0
1339 0
1340 0
1341 0
1342 0
1343 0
1344 0
1345 0
1346 0
1347 0
1348 0
1349 0
1350 0
1351 0
1352 0
1353 0
1354 0
1355 0
1356 0
1357 0
1358 0
1359 0
1360 0
1361 0
1362 0
1363 0
1364 0
1365 0
1366 0
1367 0
1368 0
1369 0
1370 0
1371 0
822 1
823 1
824 1
825 1
826 1
827 1
828 1
829 1
830 1
831 1
832 1
833 1
834 1
835 1
836 1
837 1
838 1
839 1
840 1
841 1
842 1
843 1
844 1
845 1
846 1
847 1
848 1
849 1
850 1
851 1
852 1
853 1
854 1
855 1
856 1
857 1
858 1
859 1
860 1
861 1
862 1
863 1
864 1
865 1
866 1
867 1
868 1
869 1
870 1
871 1
872 1
873 1
874 1
875 1
876 1
877 1
878 1
879 1
880 1
881 1
882 1
883 1
884 1
885 1
886 1
887 1
888 1
889 1
890 1
891 1
892 1
893 1
894 1
895 1
896 1
897 1
898 1
899 1
900 1
901 1
902 1
903 1
904 1
905 1
906 1
907 1
908 1
909 1
910 1
911 1
912 1
913 1
914 1
915 1
916 1
917 1
918 1
919 1
920 1
921 1
922 1
923 1
924 1
925 1
926 1
927 1
928 1
929 1
930 1
931 1
932 1
933 1
934 1
935 1
936 1
937 1
938 1
939 1
940 1
941 1
942 1
943 1
944 1
945 1
946 1
947 1
948 1
949 1
950 1
951 1
952 1
953 1
954 1
955 1
956 1
957 1
958 1
959 1
960 1
961 1
962 1
963 1
964 1
965 1
966 1
967 1
968 1
969 1
970 1
971 1
972 1
973 1
974 1
975 1
976 1
977 1
978 1
979 1
980 1
981 1
982 1
983 1
984 1
985 1
986 1
987 1
988 1
989 1
990 1
991 1
992 1
993 1
994 1
995 1
996 1
997 1
998 1
999 1
1000 1
1001 1
1002 1
1003 1
1004 1
1005 1
1006 1
1007 1
1008 1
1009 1
1010 1
1011 1
1012 1
1013 1
1014 1
1015 1
1016 1
1017 1
1018 1
1019 1
1020 1
1021 1
1022 1
1023 1
1024 1
1025 1
1026 1
1027 1
1028 1
1029 1
1030 1
1031 1
1032 1
1033 1
1034 1
1035 1
1036 1
1037 1
1038 1
1039 1
1040 1
1041 1
1042 1
1043 1
1044 1
1045 1
1046 1
1047 1
1048 1
1049 1
1050 1
1051 1
1052 1
1053 1
1054 1
1055 1
1056 1
1057 1
1058 1
1059 1
1060 1
1061 1
1062 1
1063 1
1064 1
1065 1
1066 1
1067 1
1068 1
1069 1
1070 1
1071 1
1072 1
1073 1
1074 1
1075 1
1076 1
1077 1
1078 1
1079 1
1080 1
1081 1
1082 1
1083 1
1084 1
1085 1
1086 1
1087 1
1088 1
1089 1
1090 1
1091 1
1092 1
1093 1
1094 1
1095 1
1096 1
1097 1
1098 1
1099 1
1100 1
1101 1
1102 1
1103 1
1104 1
1105 1
1106 1
1107 1
1108 1
1109 1
1110 1
1111 1
1112 1
1113 1
1114 1
1115 1
1116 1
1117 1
1118 1
1119 1
1120 1
1121 1
1122 1
1123 1
1124 1
1125 1
1126 1
1127 1
1128 1
1129 1
1130 1
1131 1
1132 1
1133 1
1134 1
1135 1
1136 1
1137 1
1138 1
1139 1
1140 1
1141 1
1142 1
1143 1
1144 1
1145 1
1146 1
1147 1
1148 1
1149 1
1150 1
1151 1
1152 1
1153 1
1154 1
1155 1
1156 1
1157 1
1158 1
1159 1
1160 1
1161 1
1162 1
1163 1
1164 1
1165 1
1166 1
1167 1
1168 1
1169 1
1170 1
1171 1
1172 1
1173 1
1174 1
1175 1
1176 1
1177 1
1178 1
1179 1
1180 1
1181 1
1182 1
1183 1
1184 1
1185 1
1186 1
1187 1
1188 1
1189 1
1190 1
1191 1
1192 1
1193 1
1194 1
1195 1
1196 1
1197 1
1198 1
1199 1
1200 1
1201 1
1202 1
1203 1
1204 1
1205 1
1206 1
1207 1
1208 1
1209 1
1210 1
1211 1
1212 1
1213 1
1214 1
1215 1
1216 1
1217 1
1218 1
1219 1
1220 1
1221 1
1222 1
1223 1
1224 1
1225 1
1226 1
1227 1
1228 1
1229 1
1230 1
1231 1
1232 1
1233 1
1234 1
1235 1
1236 1
1237 1
1238 1
1239 1
1240 1
1241 1
1242 1
1243 1
1244 1
1245 1
1246 1
1247 1
1248 1
1249 1
1250 1
1252 1
1253 1
1254 1
1255 1
1256 1
1257 1
1258 1
1259 1
1260 1
1261 1
1262 1
1263 1
1264 1
1265 1
1266 1
1267 1
1268 1
1269 1
1270 1
1271 1
1272 1
1273 1
1274 1
1275 1
1276 1
1277 1
1278 1
1279 1
1280 1
1281 1
1282 1
1283 1
1284 1
1285 1
1286 1
1287 1
1288 1
1289 1
1290 1
1291 1
1292 1
1293 1
1294 1
1295 1
1296 1
1297 1
1298 1
1299 1
1300 1
1301 1
1302 1
1303 1
1304 1
1305 1
1306 1
1307 1
1308 1
1309 1
1310 1
1311 1
1312 1
1313 1
1314 1
1315 1
1316 1
1317 1
1318 1
1319 1
1320 1
1321 1
1322 1
1323 1
1324 1
1325 1
1326 1
1327 1
1328 1
1329 1
1330 1
1331 1
1332 1
1333 1
1334 1
1335 1
1336 1
1337 1
1338 1
1339 1
1340 1
1341 1
1342 1
1343 1
1344 1
1345 1
1346 1
1347 1
1348 1
1349 1
1350 1
1351 1
1352 1
1353 1
1354 1
1355 1
1356 1
1357 1
1358 1
1359 1
1360 1
1361 1
1362 1
1363 1
1364 1
1365 1
1366 1
1367 1
1368 1
1369 1
1370 1
1371 1
1372 1
1373 1
823 2
824 2
825 2
826 2
827 2
828 2
829 2
830 2
831 2
832 2
833 2
834 2
835 2
836 2
837 2
838 2
839 2
840 2
841 2
842 2
843 2
844 2
845 2
846 2
847 2
848 2
849 2
850 2
851 2
852 2
853 2
854 2
855 2
856 2
857 2
858 2
859 2
860 2
861 2
862 2
863 2
864 2
865 2
866 2
867 2
868 2
869 2
870 2
871 2
872 2
873 2
874 2
875 2
876 2
877 2
878 2
879 2
880 2
881 2
882 2
883 2
884 2
885 2
886 2
887 2
888 2
889 2
890 2
891 2
892 2
893 2
894 2
895 2
896 2
897 2
898 2
899 2
900 2
901 2
902 2
903 2
904 2
905 2
906 2
907 2
908 2
909 2
910 2
911 2
912 2
913 2
914 2
915 2
916 2
917 2
918 2
919 2
920 2
921 2
922 2
923 2
924 2
925 2
926 2
927 2
928 2
929 2
930 2
931 2
932 2
933 2
934 2
935 2
936 2
937 2
938 2
939 2
940 2
941 2
942 2
943 2
944 2
945 2
946 2
947 2
948 2
949 2
950 2
951 2
952 2
953 2
954 2
955 2
956 2
957 2
958 2
959 2
960 2
961 2
962 2
963 2
964 2
965 2
966 2
967 2
968 2
969 2
970 2
971 2
972 2
973 2
974 2
975 2
976 2
977 2
978 2
979 2
980 2
981 2
982 2
983 2
984 2
985 2
986 2
987 2
988 2
989 2
990 2
991 2
992 2
993 2
994 2
995 2
996 2
997 2
998 2
999 2
1000 2
1001 2
1002 2
1003 2
1004 2
1005 2
1006 2
1007 2
1008 2
1009 2
1010 2
1011 2
1012 2
1013 2
1014 2
1015 2
1016 2
1017 2
1018 2
1019 2
1020 2
1021 2
1022 2
1023 2
1024 2
1025 2
1026 2
1027 2
1028 2
1029 2
1030 2
1031 2
1032 2
1033 2
1034 2
1035 2
1036 2
1037 2
1038 2
1039 2
1040 2
1041 2
1042 2
1043 2
1044 2
1045 2
1046 2
1047 2
1048 2
1049 2
1050 2
1051 2
1052 2
1053 2
1054 2
1055 2
1056 2
1057 2
1058 2
1059 2
1060 2
1061 2
1062 2
1063 2
1064 2
1065 2
1066 2
1067 2
1068 2
1069 2
1070 2
1071 2
1072 2
1073 2
1074 2
1075 2
1076 2
1077 2
1078 2
1079 2
1080 2
1081 2
1082 2
1083 2
1084 2
1085 2
1086 2
1087 2
1088 2
1089 2
1090 2
1091 2
1092 2
1093 2
1094 2
1095 2
1096 2
1097 2
1098 2
1099 2
1100 2
1101 2
1102 2
1103 2
1104 2
1105 2
1106 2
1107 2
1108 2
1109 2
1110 2
1111 2
1112 2
1113 2
1114 2
1115 2
1116 2
1117 2
1118 2
1119 2
1120 2
1121 2
1122 2
1123 2
1124 2
1125 2
1126 2
1127 2
1128 2
1129 2
1130 2
1131 2
1132 2
1133 2
1134 2
1135 2
1136 2
1137 2
1138 2
1139 2
1140 2
1141 2
1142 2
1143 2
1144 2
1145 2
1146 2
1147 2
1148 2
1149 2
1150 2
1151 2
1152 2
1153 2
1154 2
1155 2
1156 2
1157 2
1158 2
1159 2
1160 2
1161 2
1162 2
1163 2
1164 2
1165 2
1166 2
1167 2
1168 2
1169 2
1170 2
1171 2
1172 2
1173 2
1174 2
1175 2
1176 2
1177 2
1178 2
1179 2
1180 2
1181 2
1182 2
1183 2
1184 2
1185 2
1186 2
1187 2
1188 2
1189 2
1190 2
1191 2
1192 2
1193 2
1194 2
1195 2
1196 2
1197 2
1198 2
1199 2
1200 2
1201 2
1202 2
1203 2
1204 2
1205 2
1206 2
1207 2
1208 2
1209 2
1210 2
1211 2
1212 2
1213 2
1214 2
1215 2
1216 2
1217 2
1218 2
1219 2
1220 2
1221 2
1222 2
1223 2
1224 2
1225 2
1226 2
1227 2
1228 2
1229 2
1230 2
1231 2
1232 2
1233 2
1234 2
1235 2
1236 2
1237 2
1238 2
1239 2
1240 2
1241 2
1242 2
1243 2
1244 2
1245 2
1246 2
1247 2
1248 2
1249 2
1250 2
1251 2
1253 2
1254 2
1255 2
1256 2
1257 2
1258 2
1259 2
1260 2
1261 2
1262 2
1263 2
1264 2
1265 2
1266 2
1267 2
1268 2
1269 2
1270 2
1271 2
1272 2
1273 2
1274 2
1275 2
1276 2
1277 2
1278 2
1279 2
1280 2
1281 2
1282 2
1283 2
1284 2
1285 2
1286 2
1287 2
1288 2
1289 2
1290 2
1291 2
1292 2
1293 2
1294 2
1295 2
1296 2
1297 2
1298 2
1299 2
1300 2
1301 2
1302 2
1303 2
1304 2
1305 2
1306 2
1307 2
1308 2
1309 2
1310 2
1311 2
1312 2
1313 2
1314 2
1315 2
1316 2
1317 2
1318 2
1319 2
1320 2
1321 2
1322 2
1323 2
1324 2
1325 2
1326 2
1327 2
1328 2
1329 2
1330 2
1331 2
1332 2
1333 2
1334 2
1335 2
1336 2
1337 2
1338 2
1339 2
1340 2
1341 2
1342 2
1343 2
1344 2
1345 2
1346 2
1347 2
1348 2
1349 2
1350 2
1351 2
1352 2
1353 2
1354 2
1355 2
1356 2
1357 2
1358 2
1359 2
1360 2
1361 2
1362 2
1363 2
1364 2
1365 2
1366 2
1367 2
1368 2
1369 2
1370 2
1371 2
1372 2
1373 2
1374 2
823 3
824 3
825 3
826 3
827 3
828 3
829 3
830 3
831 3
832 3
833 3
834 3
835 3
836 3
837 3
838 3
839 3
840 3
841 3
842 3
843 3
844 3
845 3
846 3
847 3
848 3
849 3
850 3
851 3
852 3
853 3
854 3
855 3
856 3
857 3
858 3
859 3
860 3
861 3
862 3
863 3
864 3
865 3
866 3
867 3
868 3
869 3
870 3
871 3
872 3
873 3
874 3
875 3
876 3
877 3
878 3
879 3
880 3
881 3
882 3
883 3
884 3
885 3
886 3
887 3
888 3
889 3
890 3
891 3
892 3
893 3
894 3
895 3
896 3
897 3
898 3
899 3
900 3
901 3
902 3
903 3
904 3
905 3
906 3
907 3
908 3
909 3
910 3
911 3
912 3
913 3
914 3
915 3
916 3
917 3
918 3
919 3
920 3
921 3
922 3
923 3
924 3
925 3
926 3
927 3
928 3
929 3
930 3
931 3
932 3
933 3
934 3
935 3
936 3
937 3
938 3
939 3
940 3
941 3
942 3
943 3
944 3
945 3
946 3
947 3
948 3
949 3
950 3
951 3
952 3
953 3
954 3
955 3
956 3
957 3
958 3
959 3
960 3
961 3
962 3
963 3
964 3
965 3
966 3
967 3
968 3
969 3
970 3
971 3
972 3
973 3
974 3
975 3
976 3
977 3
978 3
979 3
980 3
981 3
982 3
983 3
984 3
985 3
986 3
987 3
988 3
989 3
990 3
991 3
992 3
993 3
994 3
995 3
996 3
997 3
998 3
999 3
1000 3
1001 3
1002 3
1003 3
1004 3
1005 3
1006 3
1007 3
1008 3
1009 3
1010 3
1011 3
1012 3
1013 3
1014 3
1015 3
1016 3
1017 3
1018 3
1019 3
1020 3
1021 3
1022 3
1023 3
1024 3
1025 3
1026 3
1027 3
1028 3
1029 3
1030 3
1031 3
1032 3
1033 3
1034 3
1035 3
1036 3
1037 3
1038 3
1039 3
1040 3
1041 3
1042 3
1043 3
1044 3
1045 3
1046 3
1047 3
1048 3
1049 3
1050 3
1051 3
1052 3
1053 3
1054 3
1055 3
1056 3
1057 3
1058 3
1059 3
1060 3
1061 3
1062 3
1063 3
1064 3
1065 3
1066 3
1067 3
1068 3
1069 3
1070 3
1071 3
1072 3
1073 3
1074 3
1075 3
1076 3
1077 3
1078 3
1079 3
1080 3
1081 3
1082 3
1083 3
1084 3
1085 3
1086 3
1087 3
1088 3
1089 3
1090 3
1091 3
1092 3
1093 3
1094 3
1095 3
1096 3
1097 3
1098 3
1099 3
1100 3
1101 3
1102 3
1103 3
1104 3
1105 3
1106 3
1107 3
1108 3
1109 3
1110 3
1111 3
1112 3
1113 3
1114 3
1115 3
1116 3
1117 3
1118 3
1119 3
1120 3
1121 3
1122 3
1123 3
1124 3
1125 3
1126 3
1127 3
1128 3
1129 3
1130 3
1131 3
1132 3
1133 3
1134 3
1135 3
1136 3
1137 3
1138 3
1139 3
1140 3
1141 3
1142 3
1143 3
1144 3
1145 3
1146 3
1147 3
1148 3
1149 3
1150 3
1151 3
1152 3
1153 3
1154 3
1155 3
1156 3
1157 3
1158 3
1159 3
1160 3
1161 3
1162 3
1163 3
1164 3
1165 3
1166 3
1167 3
1168 3
1169 3
1170 3
1171 3
1172 3
1173 3
1174 3
1175 3
1176 3
1177 3
1178 3
1179 3
1180 3
1181 3
1182 3
1183 3
1184 3
1185 3
1186 3
1187 3
1188 3
1189 3
1190 3
1191 3
1192 3
1193 3
1194 3
1195 3
1196 3
1197 3
1198 3
1199 3
1200 3
1201 3
1202 3
1203 3
1204 3
1205 3
1206 3
1207 3
1208 3
1209 3
1210 3
1211 3
1212 3
1213 3
1214 3
1215 3
1216 3
1217 3
1218 3
1219 3
1220 3
1221 3
1222 3
1223 3
1224 3
1225 3
1226 3
1227 3
1228 3
1229 3
1230 3
1231 3
1232 3
1233 3
1234 3
1235 3
1236 3
1237 3
1238 3
1239 3
1240 3
1241 3
1242 3
1243 3
1244 3
1245 3
1246 3
1247 3
1248 3
1249 3
1250 3
1251 3
1252 3
1254 3
1255 3
1256 3
1257 3
1258 3
1259 3
1260 3
1261 3
1262 3
1263 3
1264 3
1265 3
1266 3
1267 3
1268 3
1269 3
1270 3
1271 3
1272 3
1273 3
1274 3
1275 3
1276 3
1277 3
1278 3
1279 3
1280 3
1281 3
1282 3
1283 3
1284 3
1285 3
1286 3
1287 3
1288 3
1289 3
1290 3
1291 3
1292 3
1293 3
1294 3
1295 3
1296 3
1297 3
1298 3
1299 3
1300 3
1301 3
1302 3
1303 3
1304 3
1305 3
1306 3
1307 3
1308 3
1309 3
1310 3
1311 3
1312 3
1313 3
1314 3
1315 3
1316 3
1317 3
1318 3
1319 3
1320 3
1321 3
1322 3
1323 3
1324 3
1325 3
1326 3
1327 3
1328 3
1329 3
1330 3
1331 3
1332 3
1333 3
1334 3
1335 3
1336 3
1337 3
1338 3
1339 3
1340 3
1341 3
1342 3
1343 3
1344 3
1345 3
1346 3
1347 3
1348 3
1349 3
1350 3
1351 3
1352 3
1353 3
1354 3
1355 3
1356 3
1357 3
1358 3
1359 3
1360 3
1361 3
1362 3
1363 3
1364 3
1365 3
1366 3
1367 3
1368 3
1369 3
1370 3
1371 3
1372 3
1373 3
1374 3
1375 3
824 4
825 4
826 4
827 4
828 4
829 4
830 4
831 4
832 4
833 4
834 4
835 4
836 4
837 4
838 4
839 4
840 4
841 4
842 4
843 4
844 4
845 4
846 4
847 4
848 4
849 4
850 4
851 4
852 4
853 4
854 4
855 4
856 4
857 4
858 4
859 4
860 4
861 4
862 4
863 4
864 4
865 4
866 4
867 4
868 4
869 4
870 4
871 4
872 4
873 4
874 4
875 4
876 4
877 4
878 4
879 4
880 4
881 4
882 4
883 4
884 4
885 4
886 4
887 4
888 4
889 4
890 4
891 4
892 4
893 4
894 4
895 4
896 4
897 4
898 4
899 4
900 4
901 4
902 4
903 4
904 4
905 4
906 4
907 4
908 4
909 4
910 4
911 4
912 4
913 4
914 4
915 4
916 4
917 4
918 4
919 4
920 4
921 4
922 4
923 4
924 4
925 4
926 4
927 4
928 4
929 4
930 4
931 4
932 4
933 4
934 4
935 4
936 4
937 4
938 4
939 4
940 4
941 4
942 4
943 4
944 4
945 4
946 4
947 4
948 4
949 4
950 4
951 4
952 4
953 4
954 4
955 4
956 4
957 4
958 4
959 4
960 4
961 4
962 4
963 4
964 4
965 4
966 4
967 4
968 4
969 4
970 4
971 4
972 4
973 4
974 4
975 4
976 4
977 4
978 4
979 4
980 4
981 4
982 4
983 4
984 4
985 4
986 4
987 4
988 4
989 4
990 4
991 4
992 4
993 4
994 4
995 4
996 4
997 4
998 4
999 4
1000 4
1001 4
1002 4
1003 4
1004 4
1005 4
1006 4
1007 4
1008 4
1009 4
1010 4
1011 4
1012 4
1013 4
1014 4
1015 4
1016 4
1017 4
1018 4
1019 4
1020 4
1021 4
1022 4
1023 4
1024 4
1025 4
1026 4
1027 4
1028 4
1029 4
1030 4
1031 4
1032 4
1033 4
1034 4
1035 4
1036 4
1037 4
1038 4
1039 4
1040 4
1041 4
1042 4
1043 4
1044 4
1045 4
1046 4
1047 4
1048 4
1049 4
1050 4
1051 4
1052 4
1053 4
1054 4
1055 4
1056 4
1057 4
1058 4
1059 4
1060 4
1061 4
1062 4
1063 4
1064 4
1065 4
1066 4
1067 4
1068 4
1069 4
1070 4
1071 4
1072 4
1073 4
1074 4
1075 4
1076 4
1077 4
1078 4
1079 4
1080 4
1081 4
1082 4
1083 4
1084 4
1085 4
1086 4
1087 4
1088 4
1089 4
1090 4
1091 4
1092 4
1093 4
1094 4
1095 4
1096 4
1097 4
1098 4
1099 4
1100 4
1101 4
1102 4
1103 4
1104 4
1105 4
1106 4
1107 4
1108 4
1109 4
1110 4
1111 4
1112 4
1113 4
1114 4
1115 4
1116 4
1117 4
1118 4
1119 4
1120 4
1121 4
1122 4
1123 4
1124 4
1125 4
1126 4
1127 4
1128 4
1129 4
1130 4
1131 4
1132 4
1133 4
1134 4
1135 4
1136 4
1137 4
1138 4
1139 4
1140 4
1141 4
1142 4
1143 4
1144 4
1145 4
1146 4
1147 4
1148 4
1149 4
1150 4
1151 4
1152 4
1153 4
1154 4
1155 4
1156 4
1157 4
1158 4
1159 4
1160 4
1161 4
1162 4
1163 4
1164 4
1165 4
1166 4
1167 4
1168 4
1169 4
1170 4
1171 4
1172 4
1173 4
1174 4
1175 4
1176 4
1177 4
1178 4
1179 4
1180 4
1181 4
1182 4
1183 4
1184 4
1185 4
1186 4
1187 4
1188 4
1189 4
1190 4
1191 4
1192 4
1193 4
1194 4
1195 4
1196 4
1197 4
1198 4
1199 4
1200 4
1201 4
1202 4
1203 4
1204 4
1205 4
1206 4
1207 4
1208 4
1209 4
1210 4
1211 4
1212 4
1213 4
1214 4
1215 4
1216 4
1217 4
1218 4
1219 4
1220 4
1221 4
1222 4
1223 4
1224 4
1225 4
1226 4
1227 4
1228 4
1229 4
1230 4
1231 4
1232 4
1233 4
1234 4
1235 4
1236 4
1237 4
1238 4
1239 4
1240 4
1241 4
1242 4
1243 4
1244 4
1245 4
1246 4
1247 4
1248 4
1249 4
1250 4
1251 4
1252 4
1253 4
1256 4
1257 4
1258 4
1259 4
1260 4
1261 4
1262 4
1263 4
1264 4
1265 4
1266 4
1267 4
1268 4
1269 4
1270 4
1271 4
1272 4
1273 4
1274 4
1275 4
1276 4
1277 4
1278 4
1279 4
1280 4
1281 4
1282 4
1283 4
1284 4
1285 4
1286 4
1287 4
1288 4
1289 4
1290 4
1291 4
1292 4
1293 4
1294 4
1295 4
1296 4
1297 4
1298 4
1299 4
1300 4
1301 4
1302 4
1303 4
1304 4
1305 4
1306 4
1307 4
1308 4
1309 4
1310 4
1311 4
1312 4
1313 4
1314 4
1315 4
1316 4
1317 4
1318 4
1319 4
1320 4
1321 4
1322 4
1323 4
1324 4
1325 4
1326 4
1327 4
1328 4
1329 4
1330 4
1331 4
1332 4
1333 4
1334 4
1335 4
1336 4
1337 4
1338 4
1339 4
1340 4
1341 4
1342 4
1343 4
1344 4
1345 4
1346 4
1347 4
1348 4
1349 4
1350 4
1351 4
1352 4
1353 4
1354 4
1355 4
1356 4
1357 4
1358 4
1359 4
1360 4
1361 4
1362 4
1363 4
1364 4
1365 4
1366 4
1367 4
1368 4
1369 4
1370 4
1371 4
1372 4
1373 4
1374 4
1375 4
1376 4
824 5
825 5
826 5
827 5
828 5
829 5
830 5
831 5
832 5
833 5
834 5
835 5
836 5
837 5
838 5
839 5
840 5
841 5
842 5
843 5
844 5
845 5
846 5
847 5
848 5
849 5
850 5
851 5
852 5
853 5
854 5
855 5
856 5
857 5
858 5
859 5
860 5
861 5
862 5
863 5
864 5
865 5
866 5
867 5
868 5
869 5
870 5
871 5
872 5
873 5
874 5
875 5
876 5
877 5
878 5
879 5
880 5
881 5
882 5
883 5
884 5
885 5
886 5
887 5
888 5
889 5
890 5
891 5
892 5
893 5
894 5
895 5
896 5
897 5
898 5
899 5
900 5
901 5
902 5
903 5
904 5
905 5
906 5
907 5
908 5
909 5
910 5
911 5
912 5
913 5
914 5
915 5
916 5
917 5
918 5
919 5
920 5
921 5
922 5
923 5
924 5
925 5
926 5
927 5
928 5
929 5
930 5
931 5
932 5
933 5
934 5
935 5
936 5
937 5
938 5
939 5
940 5
941 5
942 5
943 5
944 5
945 5
946 5
947 5
948 5
949 5
950 5
951 5
952 5
953 5
954 5
955 5
956 5
957 5
958 5
959 5
960 5
961 5
962 5
963 5
964 5
965 5
966 5
967 5
968 5
969 5
970 5
971 5
972 5
973 5
974 5
975 5
976 5
977 5
978 5
979 5
980 5
981 5
982 5
983 5
984 5
985 5
986 5
987 5
988 5
989 5
990 5
991 5
992 5
993 5
994 5
995 5
996 5
997 5
998 5
999 5
1000 5
1001 5
1002 5
1003 5
1004 5
1005 5
1006 5
1007 5
1008 5
1009 5
1010 5
1011 5
1012 5
1013 5
1014 5
1015 5
1016 5
1017 5
1018 5
1019 5
1020 5
1021 5
1022 5
1023 5
1024 5
1025 5
1026 5
1027 5
1028 5
1029 5
1030 5
1031 5
1032 5
1033 5
1034 5
1035 5
1036 5
1037 5
1038 5
1039 5
1040 5
1041 5
1042 5
1043 5
1044 5
1045 5
1046 5
1047 5
1048 5
1049 5
1050 5
1051 5
1052 5
1053 5
1054 5
1055 5
1056 5
1057 5
1058 5
1059 5
1060 5
1061 5
1062 5
1063 5
1064 5
1065 5
1066 5
1067 5
1068 5
1069 5
1070 5
1071 5
1072 5
1073 5
1074 5
1075 5
1076 5
1077 5
1078 5
1079 5
1080 5
1081 5
1082 5
1083 5
1084 5
1085 5
1086 5
1087 5
1088 5
1089 5
1090 5
1091 5
1092 5
1093 5
1094 5
1095 5
1096 5
1097 5
1098 5
1099 5
1100 5
1101 5
1102 5
1103 5
1104 5
1105 5
1106 5
1107 5
1108 5
1109 5
1110 5
1111 5
1112 5
1113 5
1114 5
1115 5
1116 5
1117 5
1118 5
1119 5
1120 5
1121 5
1122 5
1123 5
1124 5
1125 5
1126 5
1127 5
1128 5
1129 5
1130 5
1131 5
1132 5
1133 5
1134 5
1135 5
1136 5
1137 5
1138 5
1139 5
1140 5
1141 5
1142 5
1143 5
1144 5
1145 5
1146 5
1147 5
1148 5
1149 5
1150 5
1151 5
1152 5
1153 5
1154 5
1155 5
1156 5
1157 5
1158 5
1159 5
1160 5
1161 5
1162 5
1163 5
1164 5
1165 5
1166 5
1167 5
1168 5
1169 5
1170 5
1171 5
1172 5
1173 5
1174 5
1175 5
1176 5
1177 5
1178 5
1179 5
1180 5
1181 5
1182 5
1183 5
1184 5
1185 5
1186 5
1187 5
1188 5
1189 5
1190 5
1191 5
1192 5
1193 5
1194 5
1195 5
1196 5
1197 5
1198 5
1199 5
1200 5
1201 5
1202 5
1203 5
1204 5
1205 5
1206 5
1207 5
1208 5
1209 5
1210 5
1211 5
1212 5
1213 5
1214 5
1215 5
1216 5
1217 5
1218 5
1219 5
1220 5
1221 5
1222 5
1223 5
1224 5
1225 5
1226 5
1227 5
1228 5
1229 5
1230 5
1231 5
1232 5
1233 5
1234 5
1235 5
1236 5
1237 5
1238 5
1239 5
1240 5
1241 5
1242 5
1243 5
1244 5
1245 5
1246 5
1247 5
1248 5
1249 5
1250 5
1251 5
1252 5
1253 5
1254 5
1255 5
1258 5
1259 5
1260 5
1261 5
1262 5
1263 5
1264 5
1265 5
1266 5
1267 5
1268 5
1269 5
1270 5
1271 5
1272 5
1273 5
1274 5
1275 5
1276 5
1277 5
1278 5
1279 5
1280 5
1281 5
1282 5
1283 5
1284 5
1285 5
1286 5
1287 5
1288 5
1289 5
1290 5
1291 5
1292 5
1293 5
1294 5
1295 5
1296 5
1297 5
1298 5
1299 5
1300 5
1301 5
1302 5
1303 5
1304 5
1305 5
1306 5
1307 5
1308 5
1309 5
1310 5
1311 5
1312 5
1313 5
1314 5
1315 5
1316 5
1317 5
1318 5
1319 5
1320 5
1321 5
1322 5
1323 5
1324 5
1325 5
1326 5
1327 5
1328 5
1329 5
1330 5
1331 5
1332 5
1333 5
1334 5
1335 5
1336 5
1337 5
1338 5
1339 5
1340 5
1341 5
1342 5
1343 5
1344 5
1345 5
1346 5
1347 5
1348 5
1349 5
1350 5
1351 5
1352 5
1353 5
1354 5
1355 5
1356 5
1357 5
1358 5
1359 5
1360 5
1361 5
1362 5
1363 5
1364 5
1365 5
1366 5
1367 5
1368 5
1369 5
1370 5
1371 5
1372 5
1373 5
1374 5
1375 5
1376 5
1377 5
825 6
826 6
827 6
828 6
829 6
830 6
831 6
832 6
833 6
834 6
835 6
836 6
837 6
838 6
839 6
840 6
841 6
842 6
843 6
844 6
845 6
846 6
847 6
848 6
849 6
850 6
851 6
852 6
853 6
854 6
855 6
856 6
857 6
858 6
859 6
860 6
861 6
862 6
863 6
864 6
865 6
866 6
867 6
868 6
869 6
870 6
871 6
872 6
873 6
874 6
875 6
876 6
877 6
878 6
879 6
880 6
881 6
882 6
883 6
884 6
885 6
886 6
887 6
888 6
889 6
890 6
891 6
892 6
893 6
894 6
895 6
896 6
897 6
898 6
899 6
900 6
901 6
902 6
903 6
904 6
905 6
906 6
907 6
908 6
909 6
910 6
911 6
912 6
913 6
914 6
915 6
916 6
917 6
918 6
919 6
920 6
921 6
922 6
923 6
924 6
925 6
926 6
927 6
928 6
929 6
930 6
931 6
932 6
933 6
934 6
935 6
936 6
937 6
938 6
939 6
940 6
941 6
942 6
943 6
944 6
945 6
946 6
947 6
948 6
949 6
950 6
951 6
952 6
953 6
954 6
955 6
956 6
957 6
958 6
959 6
960 6
961 6
962 6
963 6
964 6
965 6
966 6
967 6
968 6
969 6
970 6
971 6
972 6
973 6
974 6
975 6
976 6
977 6
978 6
979 6
980 6
981 6
982 6
983 6
984 6
985 6
986 6
987 6
988 6
989 6
990 6
991 6
992 6
993 6
994 6
995 6
996 6
997 6
998 6
999 6
1000 6
1001 6
1002 6
1003 6
1004 6
1005 6
1006 6
1007 6
1008 6
1009 6
1010 6
1011 6
1012 6
1013 6
1014 6
1015 6
1016 6
1017 6
1018 6
1019 6
1020 6
1021 6
1022 6
1023 6
1024 6
1025 6
1026 6
1027 6
1028 6
1029 6
1030 6
1031 6
1032 6
1033 6
1034 6
1035 6
1036 6
1037 6
1038 6
1039 6
1040 6
1041 6
1042 6
1043 6
1044 6
1045 6
1046 6
1047 6
1048 6
1049 6
1050 6
1051 6
1052 6
1053 6
1054 6
1055 6
1056 6
1057 6
1058 6
1059 6
1060 6
1061 6
1062 6
1063 6
1064 6
1065 6
1066 6
1067 6
1068 6
1069 6
1070 6
1071 6
1072 6
1073 6
1074 6
1075 6
1076 6
1077 6
1078 6
1079 6
1080 6
1081 6
1082 6
1083 6
1084 6
1085 6
1086 6
1087 6
1088 6
1089 6
1090 6
1091 6
1092 6
1093 6
1094 6
1095 6
1096 6
1097 6
1098 6
1099 6
1100 6
1101 6
1102 6
1103 6
1104 6
1105 6
1106 6
1107 6
1108 6
1109 6
1110 6
1111 6
1112 6
1113 6
1114 6
1115 6
1116 6
1117 6
1118 6
1119 6
1120 6
1121 6
1122 6
1123 6
1124 6
1125 6
1126 6
1127 6
1128 6
1129 6
1130 6
1131 6
1132 6
1133 6
1134 6
1135 6
1136 6
1137 6
1138 6
1139 6
1140 6
1141 6
1142 6
1143 6
1144 6
1145 6
1146 6
1147 6
1148 6
1149 6
1150 6
1151 6
1152 6
1153 6
1154 6
1155 6
1156 6
1157 6
1158 6
1159 6
1160 6
1161 6
1162 6
1163 6
1164 6
1165 6
1166 6
1167 6
1168 6
1169 6
1170 6
1171 6
1172 6
1173 6
1174 6
1175 6
1176 6
1177 6
1178 6
1179 6
1180 6
1181 6
1182 6
1183 6
1184 6
1185 6
1186 6
1187 6
1188 6
1189 6
1190 6
1191 6
1192 6
1193 6
1194 6
1195 6
1196 6
1197 6
1198 6
1199 6
1200 6
1201 6
1202 6
1203 6
1204 6
1205 6
1206 6
1207 6
1208 6
1209 6
1210 6
1211 6
1212 6
1213 6
1214 6
1215 6
1216 6
1217 6
1218 6
1219 6
1220 6
1221 6
1222 6
1223 6
1224 6
1225 6
1226 6
1227 6
1228 6
1229 6
1230 6
1231 6
1232 6
1233 6
1234 6
1235 6
1236 6
1237 6
1238 6
1239 6
1240 6
1241 6
1242 6
1243 6
1244 6
1245 6
1246 6
1247 6
1248 6
1249 6
1250 6
1251 6
1252 6
1253 6
1254 6
1255 6
1256 6
1257 6
1259 6
1260 6
1261 6
1262 6
1263 6
1264 6
1265 6
1266 6
1267 6
1268 6
1269 6
1270 6
1271 6
1272 6
1273 6
1274 6
1275 6
1276 6
1277 6
1278 6
1279 6
1280 6
1281 6
1282 6
1283 6
1284 6
1285 6
1286 6
1287 6
1288 6
1289 6
1290 6
1291 6
1292 6
1293 6
1294 6
1295 6
1296 6
1297 6
1298 6
1299 6
1300 6
1301 6
1302 6
1303 6
1304 6
1305 6
1306 6
1307 6
1308 6
1309 6
1310 6
1311 6
1312 6
1313 6
1314 6
1315 6
1316 6
1317 6
1318 6
1319 6
1320 6
1321 6
1322 6
1323 6
1324 6
1325 6
1326 6
1327 6
1328 6
1329 6
1330 6
1331 6
1332 6
1333 6
1334 6
1335 6
1336 6
1337 6
1338 6
1339 6
1340 6
1341 6
1342 6
1343 6
1344 6
1345 6
1346 6
1347 6
1348 6
1349 6
1350 6
1351 6
1352 6
1353 6
1354 6
1355 6
1356 6
1357 6
1358 6
1359 6
1360 6
1361 6
1362 6
1363 6
1364 6
1365 6
1366 6
1367 6
1368 6
1369 6
1370 6
1371 6
1372 6
1373 6
1374 6
1375 6
1376 6
1377 6
1378 6
1379 6
825 7
826 7
827 7
828 7
829 7
830 7
831 7
832 7
833 7
834 7
835 7
836 7
837 7
838 7
839 7
840 7
841 7
842 7
843 7
844 7
845 7
846 7
847 7
848 7
849 7
850 7
851 7
852 7
853 7
854 7
855 7
856 7
857 7
858 7
859 7
860 7
861 7
862 7
863 7
864 7
865 7
866 7
867 7
868 7
869 7
870 7
871 7
872 7
873 7
874 7
875 7
876 7
877 7
878 7
879 7
880 7
881 7
882 7
883 7
884 7
885 7
886 7
887 7
888 7
889 7
890 7
891 7
892 7
893 7
894 7
895 7
896 7
897 7
898 7
899 7
900 7
901 7
902 7
903 7
904 7
905 7
906 7
907 7
908 7
909 7
910 7
911 7
912 7
913 7
914 7
915 7
916 7
917 7
918 7
919 7
920 7
921 7
922 7
923 7
924 7
925 7
926 7
927 7
928 7
929 7
930 7
931 7
932 7
933 7
934 7
935 7
936 7
937 7
938 7
939 7
940 7
941 7
942 7
943 7
944 7
945 7
946 7
947 7
948 7
949 7
950 7
951 7
952 7
953 7
954 7
955 7
956 7
957 7
958 7
959 7
960 7
961 7
962 7
963 7
964 7
965 7
966 7
967 7
968 7
969 7
970 7
971 7
972 7
973 7
974 7
975 7
976 7
977 7
978 7
979 7
980 7
981 7
982 7
983 7
984 7
985 7
986 7
987 7
988 7
989 7
990 7
991 7
992 7
993 7
994 7
995 7
996 7
997 7
998 7
999 7
1000 7
1001 7
1002 7
1003 7
1004 7
1005 7
1006 7
1007 7
1008 7
1009 7
1010 7
1011 7
1012 7
1013 7
1014 7
1015 7
1016 7
1017 7
1018 7
1019 7
1020 7
1021 7
1022 7
1023 7
1024 7
1025 7
1026 7
1027 7
1028 7
1029 7
1030 7
1031 7
1032 7
1033 7
1034 7
1035 7
1036 7
1037 7
1038 7
1039 7
1040 7
1041 7
1042 7
1043 7
1044 7
1045 7
1046 7
1047 7
1048 7
1049 7
1050 7
1051 7
1052 7
1053 7
1054 7
1055 7
1056 7
1057 7
1058 7
1059 7
1060 7
1061 7
1062 7
1063 7
1064 7
1065 7
1066 7
1067 7
1068 7
1069 7
1070 7
1071 7
1072 7
1073 7
1074 7
1075 7
1076 7
1077 7
1078 7
1079 7
1080 7
1081 7
1082 7
1083 7
1084 7
1085 7
1086 7
1087 7
1088 7
1089 7
1090 7
1091 7
1092 7
1093 7
1094 7
1095 7
1096 7
1097 7
1098 7
1099 7
1100 7
1101 7
1102 7
1103 7
1104 7
1105 7
1106 7
1107 7
1108 7
1109 7
1110 7
1111 7
1112 7
1113 7
1114 7
1115 7
1116 7
1117 7
1118 7
1119 7
1120 7
1121 7
1122 7
1123 7
1124 7
1125 7
1126 7
1127 7
1128 7
1129 7
1130 7
1131 7
1132 7
1133 7
1134 7
1135 7
1136 7
1137 7
1138 7
1139 7
1140 7
1141 7
1142 7
1143 7
1144 7
1145 7
1146 7
1147 7
1148 7
1149 7
1150 7
1151 7
1152 7
1153 7
1154 7
1155 7
1156 7
1157 7
1158 7
1159 7
1160 7
1161 7
1162 7
1163 7
1164 7
1165 7
1166 7
1167 7
1168 7
1169 7
1170 7
1171 7
1172 7
1173 7
1174 7
1175 7
1176 7
1177 7
1178 7
1179 7
1180 7
1181 7
1182 7
1183 7
1184 7
1185 7
1186 7
1187 7
1188 7
1189 7
1190 7
1191 7
1192 7
1193 7
1194 7
1195 7
1196 7
1197 7
1198 7
1199 7
1200 7
1201 7
1202 7
1203 7
1204 7
1205 7
1206 7
1207 7
1208 7
1209 7
1210 7
1211 7
1212 7
1213 7
1214 7
1215 7
1216 7
1217 7
1218 7
1219 7
1220 7
1221 7
1222 7
1223 7
1224 7
1225 7
1226 7
1227 7
1228 7
1229 7
1230 7
1231 7
1232 7
1233 7
1234 7
1235 7
1236 7
1237 7
1238 7
1239 7
1240 7
1241 7
1242 7
1243 7
1244 7
1245 7
1246 7
1247 7
1248 7
1249 7
1250 7
1251 7
1252 7
1253 7
1254 7
1255 7
1256 7
1257 7
1258 7
1261 7
1262 7
1263 7
1264 7
1265 7
1266 7
1267 7
1268 7
1269 7
1270 7
1271 7
1272 7
1273 7
1274 7
1275 7
1276 7
1277 7
1278 7
1279 7
1280 7
1281 7
1282 7
1283 7
1284 7
1285 7
1286 7
1287 7
1288 7
1289 7
1290 7
1291 7
1292 7
1293 7
1294 7
1295 7
1296 7
1297 7
1298 7
1299 7
1300 7
1301 7
1302 7
1303 7
1304 7
1305 7
1306 7
1307 7
1308 7
1309 7
1310 7
1311 7
1312 7
1313 7
1314 7
1315 7
1316 7
1317 7
1318 7
1319 7
1320 7
1321 7
1322 7
1323 7
1324 7
1325 7
1326 7
1327 7
1328 7
1329 7
1330 7
1331 7
1332 7
1333 7
1334 7
1335 7
1336 7
1337 7
1338 7
1339 7
1340 7
1341 7
1342 7
1343 7
1344 7
1345 7
1346 7
1347 7
1348 7
1349 7
1350 7
1351 7
1352 7
1353 7
1354 7
1355 7
1356 7
1357 7
1358 7
1359 7
1360 7
1361 7
1362 7
1363 7
1364 7
1365 7
1366 7
1367 7
1368 7
1369 7
1370 7
1371 7
1372 7
1373 7
1374 7
1375 7
1376 7
1377 7
1378 7
1379 7
1380 7
826 8
827 8
828 8
829 8
830 8
831 8
832 8
833 8
834 8
835 8
836 8
837 8
838 8
839 8
840 8
841 8
842 8
843 8
844 8
845 8
846 8
847 8
848 8
849 8
850 8
851 8
852 8
853 8
854 8
855 8
856 8
857 8
858 8
859 8
860 8
861 8
862 8
863 8
864 8
865 8
866 8
867 8
868 8
869 8
870 8
871 8
872 8
873 8
874 8
875 8
876 8
877 8
878 8
879 8
880 8
881 8
882 8
883 8
884 8
885 8
886 8
887 8
888 8
889 8
890 8
891 8
892 8
893 8
894 8
895 8
896 8
897 8
898 8
899 8
900 8
901 8
902 8
903 8
904 8
905 8
906 8
907 8
908 8
909 8
910 8
911 8
912 8
913 8
914 8
915 8
916 8
917 8
918 8
919 8
920 8
921 8
922 8
923 8
924 8
925 8
926 8
927 8
928 8
929 8
930 8
931 8
932 8
933 8
934 8
935 8
936 8
937 8
938 8
939 8
940 8
941 8
942 8
943 8
944 8
945 8
946 8
947 8
948 8
949 8
950 8
951 8
952 8
953 8
954 8
955 8
956 8
957 8
958 8
959 8
960 8
961 8
962 8
963 8
964 8
965 8
966 8
967 8
968 8
969 8
970 8
971 8
972 8
973 8
974 8
975 8
976 8
977 8
978 8
979 8
980 8
981 8
982 8
983 8
984 8
985 8
986 8
987 8
988 8
989 8
990 8
991 8
992 8
993 8
994 8
995 8
996 8
997 8
998 8
999 8
1000 8
1001 8
1002 8
1003 8
1004 8
1005 8
1006 8
1007 8
1008 8
1009 8
1010 8
1011 8
1012 8
1013 8
1014 8
1015 8
1016 8
1017 8
1018 8
1019 8
1020 8
1021 8
1022 8
1023 8
1024 8
1025 8
1026 8
1027 8
1028 8
1029 8
1030 8
1031 8
1032 8
1033 8
1034 8
1035 8
1036 8
1037 8
1038 8
1039 8
1040 8
1041 8
1042 8
1043 8
1044 8
1045 8
1046 8
1047 8
1048 8
1049 8
1050 8
1051 8
1052 8
1053 8
1054 8
1055 8
1056 8
1057 8
1058 8
1059 8
1060 8
1061 8
1062 8
1063 8
1064 8
1065 8
1066 8
1067 8
1068 8
1069 8
1070 8
1071 8
1072 8
1073 8
1074 8
1075 8
1076 8
1077 8
1078 8
1079 8
1080 8
1081 8
1082 8
1083 8
1084 8
1085 8
1086 8
1087 8
1088 8
1089 8
1090 8
1091 8
1092 8
1093 8
1094 8
1095 8
1096 8
1097 8
1098 8
1099 8
1100 8
1101 8
1102 8
1103 8
1104 8
1105 8
1106 8
1107 8
1108 8
1109 8
1110 8
1111 8
1112 8
1113 8
1114 8
1115 8
1116 8
1117 8
1118 8
1119 8
1120 8
1121 8
1122 8
1123 8
1124 8
1125 8
1126 8
1127 8
1128 8
1129 8
1130 8
1131 8
1132 8
1133 8
1134 8
1135 8
1136 8
1137 8
1138 8
1139 8
1140 8
1141 8
1142 8
1143 8
1144 8
1145 8
1146 8
1147 8
1148 8
1149 8
1150 8
1151 8
1152 8
1153 8
1154 8
1155 8
1156 8
1157 8
1158 8
1159 8
1160 8
1161 8
1162 8
1163 8
1164 8
1165 8
1166 8
1167 8
1168 8
1169 8
1170 8
1171 8
1172 8
1173 8
1174 8
1175 8
1176 8
1177 8
1178 8
1179 8
1180 8
1181 8
1182 8
1183 8
1184 8
1185 8
1186 8
1187 8
1188 8
1189 8
1190 8
1191 8
1192 8
1193 8
1194 8
1195 8
1196 8
1197 8
1198 8
1199 8
1200 8
1201 8
1202 8
1203 8
1204 8
1205 8
1206 8
1207 8
1208 8
1209 8
1210 8
1211 8
1212 8
1213 8
1214 8
1215 8
1216 8
1217 8
1218 8
1219 8
1220 8
1221 8
1222 8
1223 8
1224 8
1225 8
1226 8
1227 8
1228 8
1229 8
1230 8
1231 8
1232 8
1233 8
1234 8
1235 8
1236 8
1237 8
1238 8
1239 8
1240 8
1241 8
1242 8
1243 8
1244 8
1245 8
1246 8
1247 8
1248 8
1249 8
1250 8
1251 8
1252 8
1253 8
1254 8
1255 8
1256 8
1257 8
1258 8
1259 8
1260 8
1263 8
1264 8
1265 8
1266 8
1267 8
1268 8
1269 8
1270 8
1271 8
1272 8
1273 8
1274 8
1275 8
1276 8
1277 8
1278 8
1279 8
1280 8
1281 8
1282 8
1283 8
1284 8
1285 8
1286 8
1287 8
1288 8
1289 8
1290 8
1291 8
1292 8
1293 8
1294 8
1295 8
1296 8
1297 8
1298 8
1299 8
1300 8
1301 8
1302 8
1303 8
1304 8
1305 8
1306 8
1307 8
1308 8
1309 8
1310 8
1311 8
1312 8
1313 8
1314 8
1315 8
1316 8
1317 8
1318 8
1319 8
1320 8
1321 8
1322 8
1323 8
1324 8
1325 8
1326 8
1327 8
1328 8
1329 8
1330 8
1331 8
1332 8
1333 8
1334 8
1335 8
1336 8
1337 8
1338 8
1339 8
1340 8
1341 8
1342 8
1343 8
1344 8
1345 8
1346 8
1347 8
1348 8
1349 8
1350 8
1351 8
1352 8
1353 8
1354 8
1355 8
1356 8
1357 8
1358 8
1359 8
1360 8
1361 8
1362 8
1363 8
1364 8
1365 8
1366 8
1367 8
1368 8
1369 8
1370 8
1371 8
1372 8
1373 8
1374 8
1375 8
1376 8
1377 8
1378 8
1379 8
1380 8
1381 8
1382 8
826 9
827 9
828 9
829 9
830 9
831 9
832 9
833 9
834 9
835 9
836 9
837 9
838 9
839 9
840 9
841 9
842 9
843 9
844 9
845 9
846 9
847 9
848 9
849 9
850 9
851 9
852 9
853 9
854 9
855 9
856 9
857 9
858 9
859 9
860 9
861 9
862 9
863 9
864 9
865 9
866 9
867 9
868 9
869 9
870 9
871 9
872 9
873 9
874 9
875 9
876 9
877 9
878 9
879 9
880 9
881 9
882 9
883 9
884 9
885 9
886 9
887 9
888 9
889 9
890 9
891 9
892 9
893 9
894 9
895 9
896 9
897 9
898 9
899 9
900 9
901 9
902 9
903 9
904 9
905 9
906 9
907 9
908 9
909 9
910 9
911 9
912 9
913 9
914 9
915 9
916 9
917 9
918 9
919 9
920 9
921 9
922 9
923 9
924 9
925 9
926 9
927 9
928 9
929 9
930 9
931 9
932 9
933 9
934 9
935 9
936 9
937 9
938 9
939 9
940 9
941 9
942 9
943 9
944 9
945 9
946 9
947 9
948 9
949 9
950 9
951 9
952 9
953 9
954 9
955 9
956 9
957 9
958 9
959 9
960 9
961 9
962 9
963 9
964 9
965 9
966 9
967 9
968 9
969 9
970 9
971 9
972 9
973 9
974 9
975 9
976 9
977 9
978 9
979 9
980 9
981 9
982 9
983 9
984 9
985 9
986 9
987 9
988 9
989 9
990 9
991 9
992 9
993 9
994 9
995 9
996 9
997 9
998 9
999 9
1000 9
1001 9
1002 9
1003 9
1004 9
1005 9
1006 9
1007 9
1008 9
1009 9
1010 9
1011 9
1012 9
1013 9
1014 9
1015 9
1016 9
1017 9
1018 9
1019 9
1020 9
1021 9
1022 9
1023 9
1024 9
1025 9
1026 9
1027 9
1028 9
1029 9
1030 9
1031 9
1032 9
1033 9
1034 9
1035 9
1036 9
1037 9
1038 9
1039 9
1040 9
1041 9
1042 9
1043 9
1044 9
1045 9
1046 9
1047 9
1048 9
1049 9
1050 9
1051 9
1052 9
1053 9
1054 9
1055 9
1056 9
1057 9
1058 9
1059 9
1060 9
1061 9
1062 9
1063 9
1064 9
1065 9
1066 9
1067 9
1068 9
1069 9
1070 9
1071 9
1072 9
1073 9
1074 9
1075 9
1076 9
1077 9
1078 9
1079 9
1080 9
1081 9
1082 9
1083 9
1084 9
1085 9
1086 9
1087 9
1088 9
1089 9
1090 9
1091 9
1092 9
1093 9
1094 9
1095 9
1096 9
1097 9
1098 9
1099 9
1100 9
1101 9
1102 9
1103 9
1104 9
1105 9
1106 9
1107 9
1108 9
1109 9
1110 9
1111 9
1112 9
1113 9
1114 9
1115 9
1116 9
1117 9
1118 9
1119 9
1120 9
1121 9
1122 9
1123 9
1124 9
1125 9
1126 9
1127 9
1128 9
1129 9
1130 9
1131 9
1132 9
1133 9
1134 9
1135 9
1136 9
1137 9
1138 9
1139 9
1140 9
1141 9
1142 9
1143 9
1144 9
1145 9
1146 9
1147 9
1148 9
1149 9
1150 9
1151 9
1152 9
1153 9
1154 9
1155 9
1156 9
1157 9
1158 9
1159 9
1160 9
1161 9
1162 9
1163 9
1164 9
1165 9
1166 9
1167 9
1168 9
1169 9
1170 9
1171 9
1172 9
1173 9
1174 9
1175 9
1176 9
1177 9
1178 9
1179 9
1180 9
1181 9
1182 9
1183 9
1184 9
1185 9
1186 9
1187 9
1188 9
1189 9
1190 9
1191 9
1